sample	repeats	fold	dataset	rmse	nrmse_sd	nrmse_mean	nrmse_range	nrmse_iq
WT	1	1	training	2.01244362159385	0.944422103016388	-0.308351113713501	0.17559308487122	0.691750995935386
WT	1	1	testing	2.05275848833952	0.937636373771765	-0.316523793014165	0.192154664125524	0.708580839478743
WT	1	2	training	2.02144350283528	0.944740602930666	-0.310425086716004	0.176378357508774	0.690714868684538
WT	1	2	testing	1.96835474625493	0.913369485539882	-0.300814589888881	0.185799077165079	0.686008835453806
WT	1	3	training	2.03180987478496	0.943629409061171	-0.311103479746353	0.177867159646826	0.693878198016801
WT	1	3	testing	2.03136274476589	0.967414445180493	-0.314109636586131	0.19326052007369	0.700031848423513
WT	1	4	training	2.04348960976715	0.953434954648878	-0.313344767155467	0.178301961173508	0.69617681716403
WT	1	4	testing	2.00365429970317	0.935965955308423	-0.308029340950461	0.194050386879013	0.680428652663197
WT	1	5	training	2.03539676393519	0.950405029942922	-0.313132612418995	0.180770090801208	0.693108752650921
WT	1	5	testing	2.05199619002992	0.956178571511092	-0.311310503331938	0.187569395116233	0.713056856467572
WT	2	1	training	2.03542174062754	0.96269742375017	-0.312990932503167	0.180772309061069	0.696287765811007
WT	2	1	testing	2.09204320571835	0.929097329515001	-0.318047049605756	0.183140060237647	0.718362336080964
WT	2	2	training	2.0258174275297	0.945057716208751	-0.310909277450596	0.176759998475928	0.696683192319105
WT	2	2	testing	2.05242678305486	0.959287694432368	-0.31441285663521	0.203298448836574	0.70153528183894
WT	2	3	training	2.03887179214272	0.946637760335832	-0.312509372341154	0.178485368662184	0.695720490768985
WT	2	3	testing	1.93864023392294	0.923947673587197	-0.298512715574061	0.179603465374506	0.66582781358239
WT	2	4	training	2.05179696082393	0.947436859990562	-0.314146214670566	0.179026808013198	0.701030547618701
WT	2	4	testing	1.93942438780322	0.94783255951503	-0.300000165315106	0.200051418320796	0.678669551328399
WT	2	5	training	2.03217923591327	0.953640890057889	-0.311857411370298	0.177315089583795	0.694004337591824
WT	2	5	testing	2.06636575766065	0.943726774021217	-0.316666160261033	0.193442556969017	0.728063964996699
WT	3	1	training	2.06539212719998	0.963547755627747	-0.317378622580569	0.180213036127961	0.705656725521017
WT	3	1	testing	1.98949803888407	0.929981787931935	-0.303253652359344	0.199878798608902	0.692047063379393
WT	3	2	training	2.01847664446691	0.943024846997275	-0.309694960090307	0.176699952106879	0.688032708823987
WT	3	2	testing	1.98227923306158	0.921024642818938	-0.304013636496829	0.190039070308487	0.693546401150912
WT	3	3	training	2.04171990010162	0.954376978723953	-0.312959361299005	0.178147547516318	0.701814331175052
WT	3	3	testing	2.01296473558285	0.933483143854493	-0.309904247699689	0.188847176362706	0.667845536974212
WT	3	4	training	1.99592639532531	0.939582125423556	-0.305099634210275	0.178524408169389	0.682329467159884
WT	3	4	testing	2.08991695589905	0.94437593850266	-0.32535516714305	0.192015715081083	0.720535594609139
WT	3	5	training	2.0680466001998	0.957042367871282	-0.318168430378587	0.180444648630166	0.704753860042258
WT	3	5	testing	1.91854879435674	0.928451945302759	-0.291044085064297	0.181256168881865	0.680642346157577
WT	4	1	training	2.04412257009966	0.945405243028156	-0.313673403309437	0.178357189283351	0.701358118766722
WT	4	1	testing	1.97598653507814	0.958023515469648	-0.302878391529044	0.190297391730773	0.70472193401577
WT	4	2	training	2.00085408826884	0.934809215993316	-0.305963677685651	0.174581855594076	0.686703065451138
WT	4	2	testing	2.01130932432933	0.935405429961802	-0.312592448269105	0.186988031948686	0.686426787226268
WT	4	3	training	2.04661915048515	0.956839336156071	-0.314434448725102	0.178575025076023	0.699261462623176
WT	4	3	testing	1.99120633562337	0.922696632754621	-0.303729394738626	0.192111947961541	0.686864203275469
WT	4	4	training	1.99146859994836	0.938725925816386	-0.305447504634586	0.178125683405152	0.680400197478535
WT	4	4	testing	2.11965817210864	0.951805188242168	-0.325526294028266	0.189867450448611	0.750661188241628
WT	4	5	training	2.02934269532226	0.945833012584914	-0.311919100176451	0.177651179692788	0.688252001013185
WT	4	5	testing	2.0010318396645	0.938990606649514	-0.304735347839994	0.178981061496501	0.70043707126505
WT	5	1	training	2.02954981740005	0.946366604456673	-0.311490820206377	0.177085663177411	0.693967297305726
WT	5	1	testing	1.99821572387945	0.935663885827434	-0.30607763484632	0.200929491051997	0.682884635671344
WT	5	2	training	1.99857135967648	0.940938830648392	-0.306719507833464	0.174382679154471	0.682526997663636
WT	5	2	testing	2.06915218444265	0.933519040505351	-0.31701259871754	0.195484523973947	0.707875615282652
WT	5	3	training	2.00829257020609	0.948300990424393	-0.307261712312585	0.180237443431557	0.692678974824676
WT	5	3	testing	2.12554443348394	0.949674471669978	-0.329686672949223	0.185461545407517	0.744409697733434
WT	5	4	training	2.05599291142253	0.961440137922124	-0.31616949898766	0.179392920087927	0.702879231017834
WT	5	4	testing	2.06883683123781	0.958170993883764	-0.31441306577942	0.18908298689474	0.724580142224051
WT	5	5	training	2.05768580763408	0.942510900311305	-0.315574011186006	0.179540631489609	0.700965869892281
WT	5	5	testing	1.82117185259407	0.92402692518853	-0.279792629163051	0.173493684045876	0.63578640813222
pbp1d	1	1	training	2.04007136228004	0.936305007361526	-0.336782184616948	0.169053124167518	0.656776764526683
pbp1d	1	1	testing	2.09432940112318	0.973116615238528	-0.346844004468387	0.164346555802618	0.649484938789134
pbp1d	1	2	training	2.08611715807627	0.959290887196982	-0.345720295255698	0.163702123336813	0.669846221246229
pbp1d	1	2	testing	1.99389157989328	0.919934865645581	-0.325152994408403	0.188049112639954	0.666054440580866
pbp1d	1	3	training	2.00883484287881	0.937297713255072	-0.331196096365875	0.157637612987895	0.644586338553648
pbp1d	1	3	testing	2.17960697839024	0.951601528580628	-0.362850608511617	0.181904343243015	0.711307181077719
pbp1d	1	4	training	2.07070453645132	0.951695141108963	-0.341906595059388	0.162492661597609	0.664476594879689
pbp1d	1	4	testing	2.01094209111515	0.929020090263576	-0.332768261892574	0.189370284088991	0.653800220725327
pbp1d	1	5	training	2.09169724317245	0.954628614935988	-0.345449970596944	0.164140004677805	0.671401923320156
pbp1d	1	5	testing	1.9751752572444	0.940120661767812	-0.326564492084227	0.170903696756126	0.647851210650959
pbp1d	2	1	training	2.02712383523167	0.936183983361282	-0.334693388457303	0.160093921328794	0.65157838539992
pbp1d	2	1	testing	2.11220870395343	0.957356479154175	-0.34960165665981	0.169767599476611	0.669470592609211
pbp1d	2	2	training	2.10480486297491	0.956893664216396	-0.346875922833619	0.165168587940853	0.676841242492287
pbp1d	2	2	testing	1.96341804507363	0.950537957503553	-0.327385759273986	0.179158883221992	0.648511637584142
pbp1d	2	3	training	2.06139131594858	0.957021463674422	-0.340955384671635	0.16176183305066	0.661488038599406
pbp1d	2	3	testing	2.033557539193	0.903248073546887	-0.334184886991504	0.179433871564942	0.666109775657742
pbp1d	2	4	training	2.08146843180643	0.951350591965162	-0.34503785591363	0.163337327736414	0.667553439254897
pbp1d	2	4	testing	1.98611458954077	0.940092388455384	-0.32355895787704	0.187349346876446	0.654497285372291
pbp1d	2	5	training	2.05066676137477	0.950799770673254	-0.338092980048801	0.164821200080022	0.65804659372914
pbp1d	2	5	testing	2.13175787744939	0.952298262262232	-0.354868933256694	0.168357488572185	0.695773977821866
pbp1d	3	1	training	2.05165454415041	0.945814021276689	-0.337345720050532	0.160997767517889	0.658750137479492
pbp1d	3	1	testing	2.08864475170352	0.954835926445507	-0.351567132969155	0.170154223771585	0.669871761467695
pbp1d	3	2	training	2.06502189184944	0.949757541565279	-0.341860703581068	0.165974985705607	0.66261539868196
pbp1d	3	2	testing	2.030245848828	0.935607794056348	-0.332494458710323	0.168002273871675	0.667622736151544
pbp1d	3	3	training	2.05141345940105	0.94068727700945	-0.339180703188	0.16097884907641	0.659064350747481
pbp1d	3	3	testing	2.06285792342681	0.961989521933543	-0.339523448079852	0.181934453944113	0.683523387500931
pbp1d	3	4	training	2.04562498903116	0.950821778298725	-0.338242615531257	0.161555066528406	0.657364696688648
pbp1d	3	4	testing	2.04010992066129	0.902357352778687	-0.335689636394355	0.163972699880856	0.65432513704399
pbp1d	3	5	training	2.06802324737491	0.945122820690376	-0.341816037100848	0.162282255047148	0.663390692536721
pbp1d	3	5	testing	2.01022882240653	0.950624459942829	-0.331292819587339	0.196718810791699	0.645837787581733
pbp1d	4	1	training	2.09918081562634	0.960446188246962	-0.347401941086573	0.164727256786875	0.674009986150371
pbp1d	4	1	testing	1.99033007162944	0.93720742028133	-0.326365524058539	0.19080206392184	0.650267356462212
pbp1d	4	2	training	2.02658053029181	0.944354158408383	-0.334734983674766	0.159030155443304	0.65046444328378
pbp1d	4	2	testing	2.16982921321156	0.951166466477817	-0.358576825232185	0.182065377659896	0.709882271486266
pbp1d	4	3	training	2.11547801658095	0.958422925120315	-0.349011385212145	0.167071771972233	0.678460746296856
pbp1d	4	3	testing	1.86082849146267	0.915779929134063	-0.30895953722781	0.151956234615363	0.605921200963071
pbp1d	4	4	training	2.03674162953256	0.942105129655579	-0.336005394898863	0.163701975355295	0.65495417623663
pbp1d	4	4	testing	2.1174647913447	0.954198701488048	-0.3516164531864	0.167228679289486	0.68100940124278
pbp1d	4	5	training	2.044569016768	0.945384957500559	-0.338023157288165	0.160441750866106	0.658643234694072
pbp1d	4	5	testing	2.0749458846312	0.936141468014286	-0.341616922530863	0.198574747146828	0.673594894407956
pbp1d	5	1	training	2.03687779789384	0.942980112139413	-0.338169065207884	0.15983820429353	0.654687107377292
pbp1d	5	1	testing	2.154346679192	0.969006150763213	-0.3487985500604	0.192720839575911	0.719376579506292
pbp1d	5	2	training	2.07928958924667	0.952259730659284	-0.343238061260113	0.163166349250345	0.66863630631196
pbp1d	5	2	testing	1.99601735991764	0.935632029469719	-0.330628229001993	0.17918322901313	0.642518202466496
pbp1d	5	3	training	2.06836824834052	0.945120128581424	-0.342093584516455	0.162309328018771	0.663030469317612
pbp1d	5	3	testing	2.03631543339068	0.963911676972024	-0.334728902699196	0.189137690614537	0.658102005785823
pbp1d	5	4	training	2.08414704457879	0.96828828749832	-0.343770659331529	0.171329743531288	0.669580777342978
pbp1d	5	4	testing	2.09377567049785	0.928105867774319	-0.347918015989599	0.164303103363347	0.672184866239999
pbp1d	5	5	training	2.08779023677367	0.958115185376112	-0.343472281502597	0.1638334134392	0.670383442005361
pbp1d	5	5	testing	2.02598827148454	0.943022725847115	-0.340267924515966	0.177146362606957	0.671906430635428
pab1d	1	1	training	1.9860282696722	0.947180863391888	-0.388096967969425	0.164137154591774	0.675177870175232
pab1d	1	1	testing	1.90593642581633	0.911243670969997	-0.375609055985683	0.154896862746175	0.647383503006088
pab1d	1	2	training	1.99682192782519	0.945664474312909	-0.391063679361318	0.162283194703314	0.678422718091742
pab1d	1	2	testing	1.91795133745978	0.944415738247134	-0.374656102158238	0.172755791923981	0.661423063255221
pab1d	1	3	training	1.93694865507056	0.932014268572986	-0.379963075811153	0.157417249550885	0.660076838323131
pab1d	1	3	testing	2.02195690605702	0.934232565470031	-0.392403928149566	0.179184020529643	0.684463073630293
pab1d	1	4	training	1.9534179506954	0.940480181858571	-0.382566096058767	0.158755721385189	0.665612842587479
pab1d	1	4	testing	2.03824930818996	0.9396726024133	-0.398154583116751	0.187287632494745	0.696752425473572
pab1d	1	5	training	1.98496993557659	0.939723596209569	-0.387964839867598	0.161319974528846	0.67766631742662
pab1d	1	5	testing	1.91076280679688	0.942008198146436	-0.376258055417473	0.166077155803119	0.652254387989989
pab1d	2	1	training	1.96860572478987	0.940754307697978	-0.384668947022451	0.159990043017046	0.670787965240567
pab1d	2	1	testing	1.93291008182142	0.91681679962971	-0.381006605875347	0.159705395267291	0.669717914027394
pab1d	2	2	training	1.98455496711565	0.938140109512373	-0.388998134211893	0.16128624973516	0.676300202766317
pab1d	2	2	testing	1.88660449885683	0.936263717767749	-0.367270497744847	0.180012843139398	0.633124806689694
pab1d	2	3	training	1.94569017508133	0.93022894621246	-0.380780689979294	0.158854456010387	0.663437270988877
pab1d	2	3	testing	1.96328406497434	0.929357523290128	-0.384603227438232	0.179419095305884	0.654699849227947
pab1d	2	4	training	1.96649093352399	0.942452213729049	-0.385170335982338	0.161727744652382	0.668932255640911
pab1d	2	4	testing	1.95426359576443	0.916446945803306	-0.381571445407958	0.161071611030146	0.671866707808253
pab1d	2	5	training	1.96499238551046	0.94021751565272	-0.384610418489217	0.159696384261782	0.669626643281726
pab1d	2	5	testing	1.9854695750948	0.936839254936965	-0.388738516008667	0.16696094624029	0.68359369368637
pab1d	3	1	training	1.96683420224035	0.934331589161925	-0.384696183944187	0.159846070069424	0.670114384106243
pab1d	3	1	testing	1.9421886182387	0.943719187953617	-0.381359039268731	0.198063811415176	0.660948866866111
pab1d	3	2	training	1.99654550945848	0.949741703773951	-0.391170234170347	0.162260729978243	0.679960986307229
pab1d	3	2	testing	1.86563369653967	0.901318120004031	-0.363846529730688	0.156077520046602	0.655279442772416
pab1d	3	3	training	1.98051704067188	0.940607204837664	-0.387062089414015	0.161697870064067	0.672209621531389
pab1d	3	3	testing	1.94083689387132	0.943958204216216	-0.382308602334179	0.15961791037676	0.664952674176155
pab1d	3	4	training	1.96236982928865	0.939882600336921	-0.385496564086557	0.159483247178282	0.669124663776313
pab1d	3	4	testing	2.01528271138898	0.948043817848207	-0.388925867260303	0.176891759942441	0.67598282364171
pab1d	3	5	training	1.94285790743657	0.936203911410723	-0.379490985820532	0.159784122160526	0.661409521317474
pab1d	3	5	testing	2.0335674567515	0.934639636252917	-0.401486836458098	0.168557181292386	0.695780306113938
pab1d	4	1	training	1.95980718814836	0.936725079069905	-0.385837235786603	0.159274979437765	0.667789928398284
pab1d	4	1	testing	2.01718297711976	0.957763472242655	-0.386012656510349	0.18121361576506	0.692720564270469
pab1d	4	2	training	1.96867860776114	0.938492463787929	-0.385217350057947	0.159995966270018	0.672104477960533
pab1d	4	2	testing	1.95903943106358	0.938134358772484	-0.384017888780152	0.165489038469618	0.670716918102906
pab1d	4	3	training	1.99386680505024	0.947300893362326	-0.389374169834905	0.162043029690112	0.679466417102586
pab1d	4	3	testing	1.85992555088103	0.90350909950445	-0.367526157192988	0.176547750058066	0.632484668007602
pab1d	4	4	training	1.95584895848254	0.937408901644429	-0.382044255440158	0.161642957332927	0.66690119120731
pab1d	4	4	testing	1.97443216728503	0.925901757665623	-0.389746692033432	0.160463562307221	0.671078489497581
pab1d	4	5	training	1.98244738816606	0.946351136503214	-0.387684053588022	0.161114965235394	0.672663827974278
pab1d	4	5	testing	1.94623028959837	0.926934773252655	-0.382414983250521	0.163661259194739	0.666185999242375
pab1d	5	1	training	1.99498467605914	0.95678030660105	-0.389493697623144	0.162133879893659	0.679776399452798
pab1d	5	1	testing	1.96872665172015	0.92116102971025	-0.389390938335387	0.163034500383322	0.673043977352105
pab1d	5	2	training	1.96981495613643	0.945569783852472	-0.385432255939456	0.160088318142795	0.670789806262417
pab1d	5	2	testing	1.96065655727042	0.913888708146809	-0.384364510823987	0.184742441310088	0.670343574735726
pab1d	5	3	training	1.97190311091108	0.939867955230629	-0.385835045055818	0.1602580240255	0.671981668108684
pab1d	5	3	testing	1.91793208056584	0.919123331145175	-0.376016642938186	0.193010166245144	0.647512646121019
pab1d	5	4	training	1.96989538748274	0.945253313788293	-0.385876425658176	0.162761281268028	0.671157351663448
pab1d	5	4	testing	1.98644246177417	0.927064041415809	-0.387692048735519	0.161439647821841	0.69712001800643
pab1d	5	5	training	1.96010034667866	0.922177988732002	-0.384689240632	0.15929880464831	0.669540908429847
pab1d	5	5	testing	1.92017665764712	0.974072010433396	-0.371945001578473	0.161098490454887	0.656092385958612
